il: (4, 0, 1, 1, 0, 0, 1, 0, 0, 0, 0, 0, 0, 0, 0, 0, 1, 0, 0, 0, 0, 0.0, 0.0) 
power: (1, 1, 1, 1, 1) 
polar: (1, 0, 0, 0, 0, 0, 0, 0, 0, 0, 0, 0, 0, 0, 0, 0, 0, 0, 0, 0, 0, 0, 0, 0, 0, 0, 0, 0, 0, 0, 0, 0, 0, 0, 0, 0, 0, 0, 0, 0, 0, 0, 0, 0, 0, 0, 0, 0, 0, 0, 0, 0, 0, 0, 0, 0, -96.25873565673828, -96.25873565673828, 0.0, 0.0, 0.0, 0.0, 0.0, 0.0, 3, 1852.0364990234375, 0.0, -0.00035217232652939856, -0.013279499486088753, 1, 0, 0, 1, 1, 0, 0, 0, 0, 0, 0, 0, 0, 0, 0, 0, 0, 0, 1566.9345703125, 0.0, 0.0, 0.0, 1, 0, 0, 1, 1, 0, 0, 0, 0, 0, 0, 0, 0, 0, 0, 0, 0, 0, 1, 1, 0.0, 0.0, 0, 0, 0.0, 0.0) 
heaxa: (1, -74.11969757080078, 26.99999237060547, -56.97891616821289, 0.466666579246521, 0.3439510464668274, 1.613472733197341e-08, 0, 0, 0, 0, 0, 0, 0, 0, 0, 0, 0, 0, 0, 0, 0, 0, 0, 0, 0, 0, 0, 0, 0, 0, 0, 0, 63, 1540.712890625, 1540.712890625, 0.0, 1.8226518250230583e-07, 0.0, 0.0, 0.0, 0.0, 0, 0, 0, 0, 0, 0, 0, 0, 0, 0, 0, 0, 0, 0, 0, 0, 0, 0, 0, 0, 0, 0, 0, 0, 0, 0, 0, 0, 0, 0, 0, 0, 0, 0, 0, 0, 0, 0, 0, 0, 0, 0, 0, 0, 0, 0, 0, 0, 0, 0, 0, 0, 0, 0, 0, 0, 1554.430908203125, 1554.430908203125, 0.0, -4.159716991125606e-05, 0.0, 0.0, 0.0, 0.0, 0, 0, 0, 0, 0, 0, 0, 0, 0, 0, 0, 0, 0, 0, 0, 0, 0, 0, 0, 0, 0, 0, 0, 0, 0, 0, 0, 0, 0, 0, 0, 0, 0, 0, 0, 0, 0, 0, 0, 0, 0, 0, 0, 0, 0, 0, 0, 0, 0, 0, 0, 0, 0, 0, 0, 0, 1519.451904296875, 1519.451904296875, 0.0, 2.427835534035694e-05, 0.0, 0.0, 0.0, 0.0005765958339907229, 0, 0, 0, 0, 0, 0, 0, 0, 0, 0, 0, 0, 0, 0, 0, 0, 0, 0, 0, 0, 0, 0, 0, 0, 0, 0, 0, 0, 0, 0, 0, 0, 0, 0, 0, 0, 0, 0, 0, 0, 0, 0, 0, 0, 0, 0, 0, 0, 0, 0, 0, 0, 0, 0, 0, 0, 1533.375244140625, 1533.375244140625, 0.0, -3.594325971789658e-05, 0.0, 0.0, 0.0, 0.0011531916679814458, 0, 0, 0, 0, 0, 0, 0, 0, 0, 0, 0, 0, 0, 0, 0, 0, 0, 0, 0, 0, 0, 0, 0, 0, 0, 0, 0, 0, 0, 0, 0, 0, 0, 0, 0, 0, 0, 0, 0, 0, 0, 0, 0, 0, 0, 0, 0, 0, 0, 0, 0, 0, 0, 0, 0, 0, 1503.8665771484375, 1503.8665771484375, 0.0, -1.7317477158940164e-06, 0.0, 0.0, 0.0, 0.0, 0, 0, 0, 0, 0, 0, 0, 0, 0, 0, 0, 0, 0, 0, 0, 0, 0, 0, 0, 0, 0, 0, 0, 0, 0, 0, 0, 0, 0, 0, 0, 0, 0, 0, 0, 0, 0, 0, 0, 0, 0, 0, 0, 0, 0, 0, 0, 0, 0, 0, 0, 0, 0, 0, 0, 0, 1513.1683349609375, 1513.1683349609375, 0.0, 5.675200100085931e-06, 0.0, 0.0, 0.0, -0.0017297875601798296, 0, 0, 0, 0, 0, 0, 0, 0, 0, 0, 0, 0, 0, 0, 0, 0, 0, 0, 0, 0, 0, 0, 0, 0, 0, 0, 0, 0, 0, 0, 0, 0, 0, 0, 0, 0, 0, 0, 0, 0, 0, 0, 0, 0, 0, 0, 0, 0, 0, 0, 0, 0, 0, 0, 0, 0, 1, 1, 1, 1, -74.11969757080078, 26.9999942779541, -56.97891616821289, 1.0, 1, 1, 0.4666666090488434, 0.3439510762691498, 1.9245373295007084e-08, 0.019999999552965164, 0, 0, 0.0, 0.0) 
focus: (1, 1, 0, 0, 1, 0, 3, 2210.0, 2210.00732421875, 0.0, 2210.00732421875, 2210.00732421875, 0.0, -2.2494116365123773e-06, 0.0, 0.0, 0.0, -0.07967699319124222, 0, 0, 0, 0, 0, 0, 0, 0, 0, 0, 0, 0, 0, 0, 0, 0, 0, 0, 0, 0, 0, 0, 0, 0, 0, 0, 0, 0, 0, 0, 1, 0, 0, 0, 0, 0, 0, 0, 0, 0, 0, 0, 0, 0, 0, 0, 0, 0, 0, 0, 1, 0, 0, 0, 1, 0, 2209.980712890625, 2209.980712890625, 0.0, 3.6991670640418306e-05, 0.0, 0.0, 0.0, -5.24674171012498e-41, 0, 0, 0, 0, 0, 0, 0, 0, 0, 0, 0, 0, 0, 0, 0, 0, 0, 0, 0, 0, 0, 0, 0, 0, 0, 0, 0, 0, 0, 0, 1, 0, 0, 0, 0, 0, 0, 0, 0, 0, 0, 0, 0, 0, 0, 0, 0, 0, 0, 0, 1, 0, 0, 0, 1, 0, 1, 1, 0.0, 0.0, 0, 0, 0.0, 0.0) 
asf: (40.60982895962766, 6, 0, 1, 0, 0, 0, 5, 5, 5, 5, 5, 5, 5, 5, 5, 5, 5, 5, 5, 5, 5, 5, 5, 5, 5, 5, 5, 5, 5, 5, 5, 5, 5, 5, 5, 5, 5, 0, 5, 0, 5, 5, 5, 5, 5, 5, 5, 5, 5, 5, 5, 5, 5, 5, 5, 5, 5, 5, 5, 5, 5, 5, 5, 5, 1, 5, 5, 5, 5, 5, 5, 5, 5, 5, 5, 5, 5, 5, 5, 5, 5, 5, 1, 5, 5, 0, 5, 5, 5, 5, 5, 5, 5, 5, 5, 5, 5, 5, 5, 5, 5, 5, 17, 14, 13, 9, -5, -18, -18, -25, -15, -9, -10, 1, 1, -10, -9, -15, -26, -18, -5, 9, 13, 14, 17, 18, 258, 234, 194, 145, 88, 10, 10, 0, -77, 0, -138, -142, -143, -138, -118, -77, -40, 9, 88, 145, 194, 234, 258, 268, -29, -26, -19, -8, 4, -9, -9, 3, 22, 31, 0, 41, 41, 36, 32, 21, 3, -9, 5, -9, -19, -26, -29, -25, -214, -193, -162, -124, -359, -33, -33, 0, 51, 86, 108, 114, 114, 108, 86, 51, 12, -33, -81, -124, -162, -193, -214, -220, 93, 113, 17462, 0, 1, 0, 0, 0, 0, 0, -162, 0.0, 0.0, 34.0, 0, 0, 394, 310, 189, 35, 0, -149, -355, -579, -812, -1048, -1280, 1, 1, 0.0, 0.0, 0, 0, 0.0, 0.0) 
bdKl: (1, 0, 3, 1, 0, 1, 0, 0, 0, 0, 0, 0, 0, 0, 0, 1, 0, 0, 0, 0, 0, 0, 0, 0, 0, 7, 1, 0.0, 0.0, 0, 0, 0.0, 0.0) 
temp: (15.300000190734863, 14.***REMOVED***00190734863, 15.***REMOVED***00190734863, 14.5, 16.399999618530273, 17.100000381469727, 17.399999618530273, 14.5, 16.799999237060547, 14.5, 0, 0, 0, 0, 0, 0, 0, 0, 0, 0) 
foctime: ('2019-09-25T09:00:28.316', (58751.37532773148, 0, 2, 1, 1, 58751.394087685185, 58751.37532719902, 0.0, 0, 0, 0.0, 0.0)) 
last: (0, 0, 2717700049)
 
 
 

 
 later

il: (4, 0, 1, 1, 0, 0, 1, 0, 0, 0, 0, 0, 0, 0, 0, 0, 1, 0, 0, 0, 0, 0.0, 0.0)
power: (1, 1, 1, 1, 1)
polar: (1, 0, 0, 0, 0, 0, 0, 0, 0, 0, 0, 0, 0, 0, 0, 0, 0, 0, 0, 0, 0, 0, 0, 0, 0, 0, 0, 0, 0, 0, 0, 0, 0, 0, 0, 0, 0, 0, 0, 0, 0, 0, 0, 0, 0, 0, 0, 0, 0, 0, 0, 0, 0, 0, 0, 0, -96.25873565673828, -96.25873565673828, 0.0, 0.0, 0.0, -1.0098519851453602e-05, 0.0, 0.0, 3, 1852.0364990234375, -0.00014811163418926299, 0.00035217232652939856, 0.013279499486088753, 1, 0, 0, 1, 1, 0, 0, 0, 0, 0, 0, 0, 0, 0, 0, 0, 0, 0, 1566.9345703125, -7.405581709463149e-05, -0.0014086893061175942, -0.05311799794435501, 1, 0, 0, 1, 1, 0, 0, 0, 0, 0, 0, 0, 0, 0, 0, 0, 0, 0, 1, 1, 0.0, 0.0, 0, 0, 0.0, 0.0)
heaxa: (1, -74.11969757080078, 26.9999942779541, -56.97891616821289, 0.4666666090488434, 0.3439510464668274, 1.6473810759976004e-08, 0, 0, 0, 0, 0, 0, 0, 0, 0, 0, 0, 0, 0, 0, 0, 0, 0, 0, 0, 0, 0, 0, 0, 0, 0, 0, 63, 1540.712890625, 1540.712890625, 0.0, 3.523692839735304e-07, 0.0, 0.0, 0.0, -0.0005765958339907229, 0, 0, 0, 0, 0, 0, 0, 0, 0, 0, 0, 0, 0, 0, 0, 0, 0, 0, 0, 0, 0, 0, 0, 0, 0, 0, 0, 0, 0, 0, 0, 0, 0, 0, 0, 0, 0, 0, 0, 0, 0, 0, 0, 0, 0, 0, 0, 0, 0, 0, 0, 0, 0, 0, 0, 0, 1554.430908203125, 1554.430908203125, 0.0, -1.099487144529121e-05, 0.0, 0.0, 0.0, 0.0005765958339907229, 0, 0, 0, 0, 0, 0, 0, 0, 0, 0, 0, 0, 0, 0, 0, 0, 0, 0, 0, 0, 0, 0, 0, 0, 0, 0, 0, 0, 0, 0, 0, 0, 0, 0, 0, 0, 0, 0, 0, 0, 0, 0, 0, 0, 0, 0, 0, 0, 0, 0, 0, 0, 0, 0, 0, 0, 1519.451904296875, 1519.451904296875, 0.0, 3.15071374643594e-05, 0.0, 0.0, 0.0, 0.0, 0, 0, 0, 0, 0, 0, 0, 0, 0, 0, 0, 0, 0, 0, 0, 0, 0, 0, 0, 0, 0, 0, 0, 0, 0, 0, 0, 0, 0, 0, 0, 0, 0, 0, 0, 0, 0, 0, 0, 0, 0, 0, 0, 0, 0, 0, 0, 0, 0, 0, 0, 0, 0, 0, 0, 0, 1533.375244140625, 1533.375244140625, 0.0, 1.5007550246082246e-05, 0.0, 0.0, 0.0, 0.0, 0, 0, 0, 0, 0, 0, 0, 0, 0, 0, 0, 0, 0, 0, 0, 0, 0, 0, 0, 0, 0, 0, 0, 0, 0, 0, 0, 0, 0, 0, 0, 0, 0, 0, 0, 0, 0, 0, 0, 0, 0, 0, 0, 0, 0, 0, 0, 0, 0, 0, 0, 0, 0, 0, 0, 0, 1503.8665771484375, 1503.8665771484375, 0.0, 1.2689839422819205e-05, 0.0, 0.0, 0.0, -0.0005765958339907229, 0, 0, 0, 0, 0, 0, 0, 0, 0, 0, 0, 0, 0, 0, 0, 0, 0, 0, 0, 0, 0, 0, 0, 0, 0, 0, 0, 0, 0, 0, 0, 0, 0, 0, 0, 0, 0, 0, 0, 0, 0, 0, 0, 0, 0, 0, 0, 0, 0, 0, 0, 0, 0, 0, 0, 0, 1513.1683349609375, 1513.1683349609375, 0.0, 1.9294273442937993e-05, 0.0, 0.0, 0.0, 0.0005765958339907229, 0, 0, 0, 0, 0, 0, 0, 0, 0, 0, 0, 0, 0, 0, 0, 0, 0, 0, 0, 0, 0, 0, 0, 0, 0, 0, 0, 0, 0, 0, 0, 0, 0, 0, 0, 0, 0, 0, 0, 0, 0, 0, 0, 0, 0, 0, 0, 0, 0, 0, 0, 0, 0, 0, 0, 0, 1, 1, 1, 1, -74.11969757080078, 26.9999942779541, -56.97891616821289, 1.0, 1, 1, 0.4666666090488434, 0.3439510464668274, 2.0979792125785934e-08, 0.019999999552965164, 0, 0, 0.0, 0.0)
focus: (1, 1, 0, 0, 1, 0, 3, 2210.0, 2210.00732421875, 0.0, 2210.00732421875, 2210.00732421875, 0.0, -2.2910747077276028e-07, 0.0, 0.0, 0.0, -0.05311799794435501, 0, 0, 0, 0, 0, 0, 0, 0, 0, 0, 0, 0, 0, 0, 0, 0, 0, 0, 0, 0, 0, 0, 0, 0, 0, 0, 0, 0, 0, 0, 1, 0, 0, 0, 0, 0, 0, 0, 0, 0, 0, 0, 0, 0, 0, 0, 0, 0, 0, 0, 1, 0, 0, 0, 1, 0, 2209.980712890625, 2209.980712890625, 0.0, -9.346206752525177e-06, 0.0, 0.0, 0.0, -0.013279499486088753, 0, 0, 0, 0, 0, 0, 0, 0, 0, 0, 0, 0, 0, 0, 0, 0, 0, 0, 0, 0, 0, 0, 0, 0, 0, 0, 0, 0, 0, 0, 1, 0, 0, 0, 0, 0, 0, 0, 0, 0, 0, 0, 0, 0, 0, 0, 0, 0, 0, 0, 1, 0, 0, 0, 1, 0, 1, 1, 0.0, 0.0, 0, 0, 0.0, 0.0)
asf: (40.60982895962766, 6, 0, 1, 0, 0, 0, 5, 5, 5, 5, 5, 5, 5, 5, 5, 5, 5, 5, 5, 5, 5, 5, 5, 5, 5, 5, 5, 5, 5, 5, 5, 5, 5, 5, 5, 5, 5, 0, 5, 0, 5, 5, 5, 5, 5, 5, 5, 5, 5, 5, 5, 5, 5, 5, 5, 5, 5, 5, 5, 5, 5, 5, 5, 5, 1, 5, 5, 5, 5, 5, 5, 5, 5, 5, 5, 5, 5, 5, 5, 5, 5, 5, 1, 5, 5, 0, 5, 5, 5, 5, 5, 5, 5, 5, 5, 5, 5, 5, 5, 5, 5, 5, 17, 14, 13, 9, -5, -18, -18, -25, -15, -9, -10, 1, 1, -10, -9, -15, -26, -18, -5, 9, 13, 14, 17, 18, 258, 234, 194, 145, 88, 10, 10, 0, -77, 0, -138, -142, -143, -138, -118, -77, -40, 9, 88, 145, 194, 234, 258, 268, -29, -26, -19, -8, 4, -9, -9, 3, 22, 31, 0, 41, 41, 36, 32, 21, 3, -9, 5, -9, -19, -26, -29, -25, -214, -193, -162, -124, -359, -33, -33, 0, 51, 86, 108, 114, 114, 108, 86, 51, 12, -33, -81, -124, -162, -193, -214, -220, 23, 43, 17462, 0, 1, 0, 0, 0, 0, 0, 17, 0.0, 0.0, 42.0, 0, 0, -39, -32, -20, -4, 0, 16, 39, 65, 92, 120, 148, 1, 1, 0.0, 0.0, 0, 0, 0.0, 0.0)
bdKl: (1, 0, 3, 1, 0, 1, 0, 0, 0, 0, 0, 0, 0, 0, 0, 1, 0, 0, 0, 0, 0, 0, 0, 0, 0, 7, 1, 0.0, 0.0, 0, 0, 0.0, 0.0)
temp: (15.5, 14.***REMOVED***00190734863, 15.***REMOVED***00190734863, 14.600000381469727, 16.5, 17.100000381469727, 17.399999618530273, 14.600000381469727, 16.899999618530273, 14.***REMOVED***00190734863, 0, 0, 0, 0, 0, 0, 0, 0, 0, 0)
foctime: 2019-09-25T09:27:27.216 (58751.394065, 0, 2, 1, 1, 58751.4128249537, 58751.39406446756, 0.0, 0, 0, 0.0, 0.0)
last: (0, 0, 2717700049)
